PATTERN:
PING
43.9
33.7
32.2
32.0
76.3
41.3
38.2
39.0
38.5
44.4
59.7
41.1
41.5
36.5
48.9
65.2
63.7
63.7
45.5
38.2
36.4
37.5
44.2
31.1
42.8
46.0
35.6
34.1
45.6
52.1
40.1
45.6
38.7
35.4
32.6
42.8
40.0
50.0
42.4
35.7
33.7
51.2
29.2
37.8
45.7
33.7
41.9
40.6
38.2
37.4
39.8
33.7
42.2
40.2
39.5
28.0
33.4
42.4
38.9
45.4
39.2
66.5
63.9
74.9
42.1
42.0
27.8
53.8
33.7
43.2
40.0
38.0
44.7
39.3
33.2
42.0
40.5
40.0
37.0
35.4
40.6
53.3
49.4
78.5
40.4
48.2
34.6
52.8
41.8
39.4
41.0
39.4
52.7
50.6
39.4
27.8
37.0
38.0
32.9
42.2
38.8
86.9
37.0
47.2
35.2
36.5
41.2
44.4
41.8
44.0
41.6
31.5
57.4
38.0
38.2
38.5
35.3
35.9
43.8
42.4
40.9
53.1
39.4
53.9
38.6
37.1
39.6
34.9
33.9
34.2
35.9
34.8
32.2
42.0
41.5
41.9
44.3
49.7
48.8
39.8
42.6
46.5
57.6
54.6
41.8
43.7
40.5
53.3
29.1
28.1
37.1
36.5
40.4
31.9
43.5
39.3
37.6
40.7
34.1
40.8
40.4
37.9
36.6
34.0
38.9
40.9
47.3
46.7
34.8
40.9
40.9
40.8
37.3
38.0
34.2
32.1
30.8
38.9
41.6
43.5
46.4
77.0
61.8
64.9
35.0
33.7
41.8
30.1
37.2
25.8
42.6
49.4
39.9
37.5
36.9
34.6
42.0
40.1
27.5
35.9
43.3
33.6
39.8
47.5
36.7
34.2
39.1
44.2
37.9
39.5
38.5
53.1
35.4
31.8
48.2
54.8
53.1
46.7
48.0
35.9
35.5
30.2
36.5
36.6
41.2
42.0
42.0
60.0
111
55.3
33.3
31.9
40.7
39.2
37.6
43.1
45.6
41.6
40.3
39.9
27.9
45.4
45.3
42.0
42.8
29.4
37.0
35.1
40.9
49.2
31.1
47.7
45.5
42.4
42.3
32.6
39.0
37.7
33.6
44.2
32.0
39.1
39.2
36.9
44.0
41.6
33.3
59.9
58.9
42.3
35.9
34.8
31.9
37.5
39.8
37.8
36.1
34.7
32.7
29.6
37.9
36.1
34.7
32.9
31.5
39.4
37.3
45.8
46.3
31.7
41.1
37.1
36.1
50.9
44.7
41.3
29.0
35.0
37.5
35.1
51.6
41.9
51.8
28.2
35.2
33.4
40.2
38.9
36.7
35.0
34.6
41.9
39.5
58.0
56.7
54.5
40.6
41.2
36.8
28.7
37.2
34.8
44.4
41.0
39.0
37.4
44.8
44.3
44.2
41.3
38.5
37.8
41.7
32.2
40.6
38.7
27.7
42.1
33.4
38.7
39.4
38.3
35.2
34.3
43.1
40.3
47.7
36.6
44.2
33.9
42.8
46.7
39.9
38.8
38.0
36.1
34.6
40.8
61.5
65.3
54.0
52.2
49.6
46.7
60.9
43.7
41.5
39.5
37.2
75.7
34.0
77.0
29.7
75.1
65.7
65.1
44.7
41.8
59.9
79.8
76.0
116
58.8
63.8
71.2
48.2
55.9
45.1
43.0
42.1
50.4
41.1
77.5
33.4
31.5
103
28.0
65.7
106
127
80.3
79.5
59.5
54.3
53.4
60.4
90.7
47.7
55.2
43.9
42.4
51.7
37.9
39.0
91.7
40.1
108
68.0
68.6
85.7
84.0
194
61.2
58.7
56.7
55.8
40.6
61.1
48.2
54.7
93.0
50.0
50.3
66.7
52.2
95.9
86.2
104
70.3
70.3
41.7
65.4
75.3
46.5
59.5
74.3
104
50.9
65.1
89.5
39.0
49.9
47.8
46.0
55.2
60.1
45.0
40.3
37.9
75.9
72.6
30.3
30.1
67.2
65.2
69.9
61.8
61.1
58.9
57.9
57.2
55.0
50.6
51.7
49.3
47.6
57.1
46.6
43.0
68.4
62.6
59.1
57.9
50.5
73.7
32.1
30.4
27.7
66.6
72.4
61.2
69.7
57.9
58.0
57.0
54.0
51.1
50.0
48.3
65.6
73.1
62.5
32.4
42.2
129
33.4
53.5
71.1
28.5
66.8
60.2
73.3
81.2
59.3
47.7
75.5
62.4
70.2
49.6
47.7
46.3
33.7
41.7
40.9
39.2
37.6
74.9
35.0
72.7
70.8
30.6
27.8
67.4
40.1
63.5
60.9
60.4
47.0
57.3
54.5
37.3
40.8
49.7
46.3
48.0
61.9
41.6
38.9
38.5
64.7
34.3
71.8
70.2
62.3
67.1
66.7
65.3
63.5
68.5
58.3
55.6
45.6
54.0
60.6
49.1
57.4
43.9
43.4
41.7
40.9
68.8
39.9
55.7
50.5
32.8
31.1
70.7
27.6
65.8
65.5
64.3
69.7
98.9
59.2
99.3
44.2
51.6
96.0
49.2
77.0
71.3
30.1
49.6
95.0
46.1
71.3
41.7
76.6
54.8
34.8
51.8
50.0
63.3
25.7
44.7
44.6
41.2
38.2
59.7
37.7
86.9
51.1
35.3
43.0
32.6
30.2
30.5
28.0
47.4
65.2
63.7
67.9
71.5
60.7
58.9
57.3
55.1
54.3
54.4
50.7
58.6
65.7
72.8
82.1
48.7
38.6
36.4
34.7
56.2
51.7
50.4
38.1
38.4
34.5
43.3
208
101
44.4
25.6
35.9
40.9
30.5
39.0
37.7
35.5
35.2
42.2
38.7
46.8
37.2
34.0
43.7
232
64.9
36.5
35.1
33.5
39.8
40.9
36.5
35.0
33.4
33.9
40.0
38.7
45.5
34.6
33.2
43.9
47.4
58.9
56.7
57.4
32.7
30.5
39.6
35.3
33.6
31.7
39.8
44.5
37.1
36.0
32.8
42.2
30.5
37.8
37.8
37.1
35.8
71.6
609
449
413
250
191
384
65.9
47.8
38.5
750
358
576
290
331
319
40.1
33.5
279
34.7
53.9
32.1
49.1
80.9
58.8
59.0
989
875
517
76.8
50.3
53.9
62.5
42.8
43.3
47.3
50.7
41.9
39.3
108
55.8
44.8
53.8
53.9
34.1
52.4
52.5
30.6
50.1
29.5
60.3
69.3
112
69.6
76.4
63.5
124
76.1
69.6
59.0
77.3
54.4
51.9
50.6
48.0
45.8
43.2
66.4
49.5
50.9
37.3
36.2
75.5
92.3
52.6
88.8
68.8
66.1
64.8
52.4
44.4
58.6
56.2
54.8
52.5
59.3
49.4
47.6
58.8
51.8
40.6
38.1
37.5
36.5
73.6
63.6
51.0
81.0
81.6
46.0
70.2
65.2
63.5
73.1
64.3
62.9
58.0
65.5
50.8
48.2
48.7
47.1
53.7
47.0
79.0
38.1
38.4
35.1
72.3
41.5
39.8
42.2
65.3
64.5
63.0
59.4
58.9
56.4
61.1
53.1
51.5
50.4
46.7
42.5
70.3
71.4
66.4
76.8
64.2
61.9
61.2
63.7
48.8
75.7
54.9
53.6
51.5
49.0
48.4
62.3
43.5
93.9
39.8
38.1
80.4
95.8
52.8
34.0
45.3
69.2
26.7
66.4
63.4
47.0
59.5
58.3
67.3
57.6
63.0
61.4
47.9
47.4
45.5
44.1
42.3
49.1
38.1
75.9
50.5
43.9
31.7
39.0
67.3
69.4
85.0
73.9
71.3
60.2
57.0
41.0
74.7
51.5
59.4
48.1
47.8
44.0
53.0
45.8
48.0
118
56.7
32.1
72.6
28.9
25.7
66.4
118
61.3
58.3
58.0
55.5
52.5
52.3
48.7
50.0
46.0
89.4
42.7
49.9
41.2
43.9
75.5
57.2
73.9
32.3
70.9
43.4
66.7
51.1
49.4
61.6
43.9
57.7
55.6
54.0
52.6
60.7
54.1
56.4
45.0
65.9
61.6
44.0
43.0
40.6
44.8
38.9
56.0
52.3
33.4
52.0
29.6
28.8
48.2
64.4
42.2
41.0
64.0
37.0
55.4
34.7
34.8
49.5
48.7
46.2
49.5
42.6
101
63.7
87.8
43.9
35.5
31.7
40.5
29.7
42.0
57.8
46.0
43.0
41.8
39.0
37.2
57.4
55.1
52.9
61.9
58.6
57.8
55.7
44.3
61.5
82.0
81.8
67.0
75.3
53.3
52.6
48.9
52.4
47.5

---
1000

