38.1
49.6
46.1
52.8
42.3
40.0
44.3
40.6
37.0
43.7
57.1
38.7
43.0
42.0
57.3
45.3
62.5
59.0
55.6
41.8
39.3
35.9
43.2
50.1
46.8
69.0
42.3
56.7
46.2
42.2
51.0
46.8
43.6
40.4
55.1
52.4
59.9
46.3
45.9
45.3
39.8
48.0
42.3
57.7
29.7
47.6
44.0
42.2
49.8
46.2
45.9
43.4
51.4
39.3
45.2
42.9
51.9
68.5
66.6
63.7
40.9
39.4
48.0
41.3
41.9
39.5
39.1
35.8
43.5
58.2
48.6
46.2
33.2
40.4
39.4
46.8
57.6
44.1
41.0
48.5
46.4
45.5
30.1
49.7
44.7
44.3
51.5
38.0
35.6
43.6
41.2
49.2
48.0
44.5
42.2
49.9
38.9
46.0
43.9
51.5
47.6
47.4
43.6
42.2
51.1
46.4
36.3
51.9
42.5
51.1
43.8
45.6
42.6
50.3
56.1
45.6
43.2
57.0
49.0
46.7
54.9
48.7
58.9
39.7
36.9
45.8
43.4
41.6
49.5
54.6
52.6
41.8
50.4
39.2
36.0
43.6
41.0
40.6
49.9
47.4
44.8
45.8
43.8
81.8
50.6
38.1
44.9
43.4
41.0
49.6
46.8
45.5
44.2
49.7
49.1
47.6
44.8
43.8
42.3
31.8
48.6
45.4
47.1
42.1
49.8
38.5
37.0
62.4
41.3
49.1
38.5
34.3
42.6
64.7
41.6
28.9
34.6
43.9
43.0
52.0
39.1
38.4
49.5
55.7
82.6
46.8
45.0
37.2
46.2
50.7
37.2
40.8
36.5
45.0
43.4
51.3
40.0
40.6
35.3
48.4
39.5
29.0
45.6
54.6
50.0
51.4
239
49.3
52.4
48.6
48.4
44.8
51.6
48.3
44.9
42.7
56.0
39.0
47.2
44.9
44.0
51.5
39.2
48.2
45.9
44.7
43.1
41.9
40.6
35.3
52.8
52.1
50.4
39.6
63.8
47.4
44.1
42.2
58.2
48.6
45.9
44.3
62.5
52.3
38.0
51.2
79.3
83.5
52.2
66.7
45.8
44.4
80.4
69.1
47.6
47.7
44.9
43.3
77.0
175
113
835
38.0
45.9
45.6
43.7
41.8
49.8
79.3
60.3
74.9
43.3
51.6
47.6
46.2
45.6
53.1
41.3
50.6
47.4
44.6
43.1
41.0
37.7
44.8
44.8
56.8
41.8
40.1
49.2
47.5
44.7
42.7
58.7
41.5
37.3
46.1
45.1
34.8
50.5
54.3
55.3
40.2
48.9
47.3
45.3
43.6
58.7
30.0
49.8
56.6
36.9
35.0
42.8
43.6
43.7
53.6
40.5
55.8
58.6
54.9
55.8
56.0
53.7
54.4
57.5
30.4
59.5
48.6
50.5
46.5
67.9
67.9
66.2
66.3
64.5
64.0
65.6
62.5
62.1
61.8
60.2
61.6
57.2
57.7
62.3
69.9
55.9
62.5
64.5
49.3
60.3
53.7
52.4
53.5
49.4
51.2
50.6
36.7
51.3
54.9
48.8
96.3
37.7
37.1
52.7
41.8
58.4
48.2
47.7
44.8
47.7
41.5
41.1
49.9
36.8
36.0
35.3
41.6
49.6
47.3
45.7
43.7
44.3
52.0
47.1
47.9
56.2
67.3
52.8
51.2
51.6
43.5
53.8
44.7
43.4
49.3
42.6
48.4
35.1
47.4
43.4
63.0
59.0
64.8
56.1
44.5
42.7
38.3
50.3
35.4
52.4
45.6
50.0
50.7
48.3
45.9
43.4
45.1
48.5
44.7
35.1
44.8
42.7
40.9
39.4
47.1
59.2
53.8
42.6
54.1
52.2
36.4
44.8
42.7
40.6
38.5
32.7
33.6
46.4
53.4
141
50.6
36.8
51.9
44.0
48.0
45.7
44.9
77.5
48.1
50.0
39.8
37.5
34.6
43.7
31.3
51.8
38.1
37.7
43.2
50.9
59.7
52.4
47.1
48.9
51.4
39.7
42.0
42.7
46.9
70.5
43.8
39.9
51.4
48.4
42.8
54.4
39.9
40.2
47.3
37.8
44.9
47.3
41.0
42.8
42.2
48.3
45.6
44.5
52.2
49.0
36.7
53.2
65.9
91.5
51.0
51.0
35.9
34.7
45.4
40.2
39.4
51.1
38.7
43.7
43.2
44.4
38.0
35.6
44.1
49.2
50.2
44.5
45.8
43.6
41.8
50.4
48.4
37.6
45.8
43.6
41.6
39.0
37.3
53.2
54.6
51.8
56.4
52.7
36.3
39.1
37.3
46.6
44.4
43.2
50.3
47.6
76.8
44.1
43.3
50.4
49.8
46.1
52.3
43.2
40.4
39.0
48.8
38.1
56.3
53.3
57.4
41.6
48.4
39.6
44.7
42.7
37.9
49.5
47.2
35.0
44.2
40.9
57.7
48.3
54.6
45.5
44.8
31.1
60.8
78.8
47.0
66.1
65.6
72.2
69.9
144
72.2
55.4
53.4
51.2
48.8
47.1
61.3
54.7
62.1
56.2
54.7
66.2
55.3
63.0
65.3
63.7
81.7
75.3
53.3
69.5
69.8
67.0
228
65.0
65.7
59.7
58.8
58.2
49.8
55.3
53.5
52.2
73.4
96.7
97.4
67.7
51.2
46.9
47.2
75.3
73.1
58.3
50.2
489
70.3
65.3
61.5
61.1
58.3
46.6
45.9
46.3
63.4
51.6
59.1
57.3
43.3
52.7
51.1
48.8
47.9
62.5
46.6
63.3
44.4
58.4
66.7
44.9
51.2
61.0
48.9
47.4
45.9
64.4
62.5
71.1
59.4
58.3
55.9
53.3
56.2
51.7
50.0
48.1
45.1
44.7
67.1
65.4
59.2
57.2
55.6
52.7
51.3
108
47.9
46.7
45.8
43.0
59.5
60.1
57.3
55.9
54.4
52.2
49.9
48.7
51.5
45.6
43.5
63.7
43.4
57.7
55.1
54.1
53.4
51.8
28.1
49.0
57.6
47.3
43.9
42.2
61.0
57.4
54.3
54.1
52.3
69.9
50.8
46.6
44.9
43.8
56.6
37.8
37.5
56.8
55.6
53.1
51.6
58.7
46.8
44.4
63.9
62.0
60.9
60.3
62.2
56.6
49.8
53.2
188
151
47.4
46.7
83.9
41.8
40.9
36.5
57.1
54.9
53.0
42.1
50.3
48.9
46.8
43.2
44.1
61.8
64.5
37.4
50.4
54.2
51.6
47.9
536
47.8
46.2
64.2
43.5
80.9
40.2
68.5
46.7
59.4
62.0
50.1
50.0
48.4
66.6
43.2
47.3
59.2
184
117
309
71.6
57.9
46.1
42.7
43.6
51.5
48.6
49.7
48.5
50.6
44.8
46.0
73.7
43.8
63.1
62.4
41.1
50.4
59.1
57.5
56.9
57.2
52.9
74.3
73.4
64.6
59.6
47.7
49.1
47.7
55.2
45.8
50.1
54.2
63.1
73.4
60.1
39.1
48.6
57.2
46.9
56.4
101
50.7
39.9
39.7
41.0
51.2
67.5
68.0
35.3
45.5
43.6
42.8
57.9
57.7
38.6
55.0
36.1
53.7
53.1
48.7
52.2
50.4
45.6
40.1
45.0
51.4
54.9
41.2
39.3
40.1
49.5
37.1
47.7
50.5
42.4
57.9
49.7
49.7
47.2
46.2
45.8
44.3
44.6
42.9
40.6
49.6
45.4
44.6
71.3
45.5
44.2
85.2
43.0
58.6
45.8
56.0
54.9
54.7
77.1
50.0
41.4
48.2
48.8
47.5
52.1
34.1
43.5
51.0
51.6
56.2
37.9
37.1
54.3
52.4
47.3
49.4
58.1
64.5
51.8
38.6
43.2
64.2
44.8
43.9
42.0
40.5
47.0
48.7
39.4
46.5
75.2
78.7
75.9
32.6
44.2
42.8
43.5
42.3
42.0
72.1
42.9
44.3
41.9
42.0
42.0
42.4
29.4
40.7
58.8
40.5
50.4
48.5
46.0
37.0
36.7
45.5
35.6
45.4
45.7
51.5
45.2
41.8
49.5
42.4
40.8
41.2
40.2
38.7
36.0
45.7
36.6
43.8
47.0
45.3
43.7
39.0
58.5
50.1
47.7
52.7
50.2
52.7
32.2
42.9
42.0
41.1
61.0
39.1
36.6
39.0
44.9
42.4
62.0
48.1
38.1
37.2
45.0
53.6
54.9
60.4
39.3
49.7
76.8
75.6
65.6
65.3
58.4
31.4
49.3
30.0
35.6
42.6
43.5
42.1
51.1
56.4
37.7
45.0
43.9
45.3
42.3
58.5
39.3
221
52.1


